0.3
0.4
300.48882
15.0
3

0.22164106
-0.41356373
0.2289834
0.4192114
0.23901844
0.0645628
-0.8299844
0.5524509
0.10426235

-0.86567783
-0.839031
0.78954244
-0.6361842
-0.8640747
-0.32589674
-0.8555422
-0.043502092
-0.44125462

0.03604412
0.078662395
0.37512565
0.52378416
-0.6662755
-0.9631808
-0.9832008
0.80618024
0.36758232

0.65326524
-0.42671514
0.27602792
0.29598808
-0.0836308
-0.5729239
0.4537685
-0.18919778
-0.5133593

-0.7046859
-0.97175384
-0.943171
0.41475892
-0.7932143
-0.8391588
0.49444556
-0.17947865
0.41073823

0.7431545
0.8553071
-0.25024104
-0.7808976
-0.43602037
-0.2168355
-0.07827926
-0.54022336
0.10365081

0.49383378
0.5139837
-0.5458529
0.44165587
0.2975421
-0.78010535
0.8175173
-0.2678969
-0.34434962

0.75507903
-0.90102744
-0.35654902
-0.8612168
-0.61917186
-0.71081114
0.2655468
-0.70224833
-0.06964588

-0.60169935
-0.6790652
-0.36290026
-0.8278327
-0.052874327
0.40620852
0.7625179
0.12636852
-0.31324863

0.20133853
-0.9793558
-0.9635458
0.43840337
-0.45599866
0.26439404
0.19503498
-0.6532831
0.048378468
new array:
-0.36483502
-0.39078236
0.8927622
0.2607534
-0.015622377
0.6274564
0.4892602
0.8354571
-0.3943169
0.34402704

-0.8672378
0.4038093
-0.5989156
0.41120505
-0.28094554
-0.27108622
0.8972962
0.590395
-0.5407922
0.8574443

-0.13956118
-0.62251353
-0.8760028
-0.9865675
-0.64117026
0.80070543
-0.04720044
0.03858018
0.6183984
-0.49179745

0.8796606
-0.24222279
-0.96174145
0.51973796
0.48337245
-0.11853981
-0.00013065338
0.6910231
0.6053555
-0.8533211

0.20506
0.7880106
0.25958395
-0.13826203
0.685889
0.5046172
0.11219835
0.5388377
0.21016693
0.79583716

-0.83176875
0.07139897
0.21875691
-0.0738256
-0.11831689
0.54147387
-0.8951869
-0.2257278
-0.23726225
-0.08699012

0.52076554
-0.91601276
0.18782353
-0.59453773
0.18757248
0.041637182
-0.07606149
0.5712061
0.3012271
0.7998235

-0.8088553
0.663821
0.6399903
-0.18691468
-0.87031484
0.39659166
0.33583236
0.11692977
-0.66794777
-0.7183142

-0.40675068
0.18505621
0.23097491
0.7083199
-0.50834656
0.6778021
-0.37422657
0.9313619
0.49029374
-0.26872635

0.36742973
-0.6574743
-0.18075657
0.16525674
-0.67585015
0.19533634
0.5150442
-0.08917403
0.67449117
-0.09181738
new array:
-0.37629128
-0.6513362
-0.72208214
0.4667976
-0.19929838
-0.8885944
-0.7943816
-0.10809803
0.38299227
-0.70443034

0.5267165
-0.81514144
0.5513122
-0.8664992
0.51409245
0.5001812
-0.13996291
-0.68708014
-0.7529695
0.5963235

0.2561884
-0.8988223
0.74849033
-0.21673107
0.39945626
-0.90273046
0.87620234
-0.98659086
0.8229556
0.96401954

0.86496305
-0.041878223
-0.8002627
0.86478233
-0.78687334
-0.040602922
-0.10303569
0.5948646
0.13861418
0.53927994

-0.7414532
-0.89752865
-0.4317906
0.021506548
0.24080777
-0.87585473
-0.7055998
-0.93169236
0.94004345
0.6774521

-0.5464518
0.51164603
0.27265024
-0.45875454
0.76734066
-0.596205
-0.52445674
0.07773352
-0.94232917
0.19137764

-0.256963
-0.64719176
0.7801273
0.33419943
0.9838116
-0.015455723
0.3627
-0.66140985
-0.36997008
0.29491854

0.8245914
0.88174725
0.3015859
0.037769556
-0.95222855
0.20493293
-0.18579769
-0.5630038
-0.54954195
0.59214735

0.4106357
-0.8176515
-0.8551395
-0.8163197
-0.25252295
-0.9138932
0.33902168
-0.33355618
-0.3433783
-0.25558233

-0.19112444
-0.73038745
-0.32963014
0.7599883
0.9964156
0.7470772
-0.47674084
0.30778813
0.2566054
-0.34932017
new array:
0.23744297
-0.57383776
0.28029394
-0.02787137
0.27707505
-0.9885073
0.026480675
-0.6957109
-0.47935677
0.68798923

0.1461811
0.26324916
0.6418104
-0.47419763
-0.8483715
-0.750453
0.8576293
0.15502715
-0.88397694
-0.49315572

0.14499545
0.41707015
-0.101699114
0.9744568
0.7086878
0.57755303
-0.39921737
0.12603736
0.8164213
-0.86586905

0.02790165
0.71640897
0.829
-0.89596295
0.33554912
-0.7665882
0.8664284
-0.9809706
-0.009716988
0.020923138

-0.5736623
-0.55142975
-0.8157389
-0.8321402
-0.33275127
-0.50109005
0.7856319
0.34634542
0.12068319
-0.4829104

-0.96682477
-0.13832593
0.9075141
0.96252847
0.01734376
-0.5502393
-0.4696188
0.9730394
0.53672075
0.56647444

-0.22600818
0.80680513
0.09867978
-0.28912187
0.36979175
0.356416
0.25744724
0.4812219
-0.15101838
-0.5381553

-0.34454846
0.21990228
-0.17310357
0.20580482
-0.17378712
-0.61823726
0.72169375
0.5528476
0.7955296
-0.8699877

-0.31466198
-0.81390524
-0.23105454
0.44042468
0.65948296
-0.024904013
0.33853722
-0.53611255
-0.3217883
-0.7086475

0.013184071
-0.94681954
0.8064406
0.3839028
-0.44110465
0.07744193
0.04447794
-0.8608043
-0.33665514
-0.056152105
new array:
-0.73741794
-0.122279644
-0.16786623
-0.14267921
0.033979893
-0.28497815
0.8518462
0.3915019
-0.19013953
0.4874668

-0.34484625
-0.66220737
-0.28022933
-0.46545172
-0.51589346
-0.20332575
0.31068778
-0.38298464
-0.83914995
0.98684764

-0.3370657
0.65506935
-0.43634033
0.8505342
-0.349288
-0.5734842
-0.7243037
-0.9177396
-0.5683234
-0.3132162

-0.93285704
-0.6512301
0.718415
-0.35939503
-0.72382236
0.086853504
-0.49534464
0.29516864
0.30556393
0.82123923

-0.34564972
0.54353404
0.96675444
-0.37076998
-0.81745934
0.2248981
-0.53572345
0.10440636
0.7930386
-0.90449405

-0.6092105
0.30294013
0.5387769
0.90718246
-0.92167306
-0.8729105
0.6203468
0.19115567
0.50908184
-0.68019223

0.2254107
-0.3654573
-0.48171663
-0.04785657
0.5293343
0.8851495
-0.018921852
0.23500466
0.66526055
-0.9590962

0.8037472
0.5009377
0.7132709
0.9256296
0.99470544
0.15901995
-0.43246055
0.6726854
0.5134108
-0.24607849

-0.62446356
-0.08952141
0.44917226
-0.53666234
-0.24081779
-0.5271437
0.58034205
-0.862468
0.7114315
-0.42821193

-0.27035975
0.5719068
-0.5468247
0.19142413
0.4652884
0.78887033
-0.3458147
0.586751
-0.5989897
0.7657802
new array:
0.32519794
0.69333076
-0.7518997
0.01009202
0.6850927
-0.05134511
0.028894424
0.16787624
-0.5456228
-0.65006995

0.68637204
-0.15974092
-0.51853395
-0.5978763
-0.8201363
-0.5930021
-0.34646487
-0.9275024
0.46806312
0.35285354
new array: