0.24894401
0.34058398
360.04367
32.559196
3

-0.8551979
0.56185985
-0.27320862
0.94762564
0.6448746
-0.09278703
0.27905583
0.49775338
-0.25331855

0.5602653
0.4690621
-0.5365372
-0.8101685
-0.68390536
-0.6718972
0.20197773
-0.56245184
0.73456955

0.9354105
0.20124364
0.14824104
-0.9064431
0.047518253
0.1998856
-0.82480407
-0.71765494
-0.22228837

-0.4595914
-0.36081243
0.023414612
0.95704556
-0.7675333
-0.64315367
0.27234507
-0.76554966
0.92670393

-0.7247486
0.08696127
0.6594689
-0.86688375
-0.06616163
0.67118454
-0.7889359
0.69039845
-0.5407007

-0.6883557
-0.2724223
0.35852242
0.8744042
0.9665885
-0.3535576
-0.44707394
0.2169621
-0.35430813

0.605211
0.76563644
0.72071385
0.161273
0.29448175
-0.44531536
0.5682409
-0.37726498
-0.053673506

-0.5690434
0.65979815
0.76018214
0.8896594
0.95567703
0.9367118
-0.9421239
0.8556831
0.5741539

0.8227861
0.43670988
-0.740561
0.56049156
-0.8098612
-0.824388
-0.7108686
0.9944143
-0.36940742

0.67500234
0.14469361
-0.060724497
0.07110262
-0.08729839
0.70842457
0.036117077
0.75299025
-0.50036097
new array:
0.65415263
-0.38555193
0.43953347
-0.115773916
-0.90395355
0.22730947
0.70943713
-0.6667104
-0.043214798
-0.2283423

-0.438874
-0.4124658
-0.40706277
-0.6218207
-0.062402487
-0.29787207
-0.28886867
0.6217823
0.006893158
0.9964411

-0.66872406
0.45461679
-0.9206815
0.008288145
-0.36652088
-0.42738962
-0.33164048
-0.39754653
-0.38970518
-0.47426343

0.4886334
-0.44244695
-0.04342556
0.042089462
-0.21638465
0.8328254
0.6962223
0.6506636
-0.46254492
-0.61388326

0.5967097
-0.027709723
0.7130377
0.6480305
-0.21626711
0.76813793
0.4875064
0.25890303
0.2897663
0.06673312

-0.6890938
0.31361914
0.80869126
0.37249494
-0.19808292
0.53222466
0.74359965
-0.2616403
0.5728247
0.189111

0.8484597
-0.19141173
-0.44292116
0.08858466
0.7269132
0.5469291
-0.9164598
0.5078571
-0.84128976
-0.68810964

-0.96445894
-0.26435757
-0.16569352
-0.8140116
0.4443457
0.16366482
-0.67741585
-0.5027733
0.382545
-0.9062011

0.79934454
-0.6912086
0.1083436
0.019384384
0.9959917
0.5426152
-0.40069985
0.45980287
-0.58995295
-0.31422734

-0.48443675
0.75983906
0.960644
0.4859321
-0.34957623
0.9479153
-0.20317817
-0.7511091
-0.54551935
-0.09084439
new array:
0.08791399
0.09354019
0.2876866
-0.27716088
0.19445705
0.3090868
0.14546037
0.90764236
0.25471115
-0.28908873

-0.5603733
0.454659
0.628587
0.49099207
0.9688239
-0.14823365
-0.6463251
0.82654047
0.33491302
-0.40295243

0.07056451
-0.2130878
-0.36591887
0.9475105
-0.17561579
-0.13716102
0.34040904
-0.44644904
0.33543205
0.57229733

-0.28312564
0.42423058
-0.7661581
0.435709
0.20380855
-0.05013919
0.24974155
-0.92898726
-0.73444366
-0.60111594

-0.08836937
-0.3297031
-0.9262941
-0.022407532
-0.53074527
0.8351157
0.080025196
-0.66535974
-0.73805046
0.79907084

-0.20407844
0.35343575
0.34610677
0.14165425
0.03113699
-0.08278918
0.026343346
-0.04870367
0.898299
-0.48423958

0.8971665
-0.7334788
0.37385488
0.20502496
-0.24370861
0.45215225
-0.36346436
0.8363428
-0.21011186
-0.6052251

0.07708669
0.29183245
0.26904392
-0.13627219
0.5820303
0.43410516
0.9344988
0.02386403
0.708894
-0.81830406

-0.2644179
0.58713746
-0.79066205
0.5924015
-0.32621622
-0.69327164
-0.16363883
0.9755137
0.12103987
-0.33636308

0.4800067
0.67829347
-0.13723111
0.73229146
0.99238014
-0.92435765
0.8137145
-0.63801694
0.070455074
0.34437156
new array:
0.9480474
-0.89859605
-0.021262646
-0.21723533
0.7809901
0.33361578
0.1346314
0.3502481
-0.009237289
0.8545203

-0.955765
0.22588325
-0.88666844
0.3860078
0.7937839
0.7041857
-0.6713567
0.7389498
0.74754095
0.97144675

-0.035086155
-0.7019396
-0.6283469
0.56035686
-0.35175586
0.9381726
0.53028464
0.6259563
-0.62658954
0.6523342

0.06307006
0.013953447
-0.7553344
-0.79891896
-0.78367686
0.28212738
-0.2577119
0.10929251
-0.30076456
-0.9039023

-0.58376646
-0.6241884
0.23619056
-0.14587522
0.41307282
-0.9236729
-0.049011707
0.98821974
0.9008877
0.5406375

0.8518281
0.15012884
0.9469099
-0.63361
0.2945547
0.60239315
-0.6003604
-0.48875618
0.023082256
0.64582133

0.5169134
-0.7357569
0.76212955
0.7459979
-0.18009329
0.1614058
-0.6819165
0.85563517
-0.64239883
-0.37955952

0.48259926
0.27197266
-0.52704
-0.57120204
-0.33292603
0.5104213
-0.14846802
0.8193283
-0.7471175
-0.01421237

-0.3318777
-0.8078482
-0.7848716
-0.45606875
-0.81207156
0.87683916
0.89906955
0.74813604
-0.94604397
0.6275449

-0.42351246
0.63554573
0.59431386
0.76690483
0.78291154
-0.48749113
-0.34779048
-0.27998495
0.64769197
-0.07997227
new array:
0.19393086
0.69055605
-0.9476092
-0.60697603
-0.5630977
-0.6826403
-0.96802044
0.31517076
0.87789536
0.8439448

-0.53161573
-0.6757951
0.41222715
-0.8666458
-0.61616874
0.48281908
-0.9134724
-0.42224383
0.31555748
-0.5125122

-0.32639933
0.20651412
0.84728
-0.660074
-0.72813797
-0.16414833
-0.05081415
0.080041885
-0.3530333
-0.046097517

0.26957345
0.5285611
-0.32329512
0.8840554
-0.5991564
-0.39476776
-0.67203903
0.3280878
0.0868454
-0.19209194

-0.07226038
0.81527615
-0.7932589
0.39235973
-0.9701655
0.5620134
-0.51378417
0.63745666
-0.005154133
0.20940137

-0.9217825
0.67898345
0.55960655
-0.32822275
0.5830686
0.51996994
0.083809376
-0.5253949
0.57731986
-0.57427

-0.115014315
-0.84150624
-0.43700504
-0.79193854
0.40353036
-0.17940402
-0.047155857
-0.53310347
-0.037519455
0.8955047

-0.5745461
-0.7333152
-0.5809016
0.34453058
0.93507576
-0.29918194
-0.61794114
-0.8018575
-0.313133
0.4400096

-0.42307353
-0.7512038
-0.8194909
0.6847873
-0.08661604
-0.49603176
-0.06712937
0.8013723
0.7548742
0.18138957

-0.47175837
-0.21130872
0.42154694
-0.9052639
0.0041906834
0.3628087
0.21417403
-0.0539186
0.07542992
-0.27589583
new array:
-0.97206736
-0.245749
0.015706062
0.5039828
0.3051765
-0.28422952
-0.9551692
0.6118834
-0.87894845
0.652951

0.49561405
-0.10942316
-0.91563153
0.6610849
0.25478315
-0.28493953
0.6662154
0.8081155
0.3860674
0.36968923
new array: