0.09976825
0.1651933
146.89001
21.64651
8

0.094819546
-0.045518637
-0.78427196
-0.90197206
0.9884944
0.32139468
-0.7933707
-0.8669505
-0.71850634
-0.051475525
-0.03846836
0.32581425
-0.43088365
0.24215317
0.3509078
-0.36839795
-0.9307623
0.84623075
-0.07543993
0.0045263767
-0.8210623
0.06161475
0.8012531
-0.44139218

0.4845667
0.6246226
0.82598877
-0.08606219
0.6478028
-0.011152267
0.09473729
0.8054638
0.59168863
0.48872828
-0.5911155
0.45059967
-0.9740732
0.7693734
-0.937202
0.29020786
0.8881757
-0.6339762
0.31670976
0.93549776
-0.040856123
-0.7275841
0.6442857
0.9195647

-0.39825606
-0.93252134
0.80395794
0.9503715
0.39577842
0.8957751
0.3678608
-0.49656034
0.3974905
0.18662143
0.6577525
0.42270494
0.2612412
-0.16077709
-0.272336
0.21063209
-0.31207132
-0.26836205
-0.14864945
0.11334276
-0.5231242
0.21232581
-0.80247474
-0.19504452

0.5771527
-0.7669513
-0.41503024
-0.47793698
0.24126816
0.68249846
0.72131515
0.33440757
-0.7602103
0.7334831
0.037894964
0.60554075
-0.18777943
0.56456137
0.36793232
-0.039209604
-0.3749671
-0.70430136
0.23224378
-0.20698571
0.100406885
-0.47038507
0.5954435
0.83710766

-0.5614476
-0.058163404
-0.9865248
-0.16373587
0.65003276
0.48156333
-0.8868282
-0.6601889
0.6998575
0.75667405
0.9392681
0.92515373
-0.104809284
-0.36662388
0.5695348
0.9710839
-0.46540403
0.47173667
0.16373944
0.84960747
0.15258646
0.6177473
0.5926554
0.46465135

0.9566436
0.9342861
-0.6517036
0.7943239
-0.7880354
-0.2630391
0.32648778
-0.4513557
-0.928246
-0.7410083
0.7315998
-0.04185605
0.5612292
0.56465125
-0.04289365
0.9339354
0.7087469
0.17970347
-0.3218758
-0.37298584
0.9346969
0.5695417
0.27456093
0.5784166

-0.8446188
-0.7475076
0.65666795
0.63027525
-0.36729598
-0.40652728
0.35016823
0.953495
-0.7809839
0.8673532
0.28571177
-0.51355696
-0.5824466
-0.4780724
-0.3977182
-0.91137695
0.7538583
-0.50874186
0.023396969
-0.033075333
-0.4404199
0.12469244
0.5763831
0.7111149

-0.17676282
0.06629968
-0.68021536
0.11943245
-0.12291837
-0.9110749
-0.0453794
0.5002463
-0.043030977
0.07088494
-0.051902294
-0.6469917
0.87427354
-0.017903328
-0.43181896
-0.16920447
-0.5996313
-0.49328852
0.34990144
0.12344265
0.9754505
-0.55673337
-0.6370945
-0.91722846

0.54300094
0.17398334
-0.5603292
0.40819812
-0.9223578
-0.3324294
-0.14444709
-0.43993163
0.6219897
0.23925567
-0.088014364
0.98779655
-0.7791023
-0.6645951
-0.49675798
-0.7447238
0.23651052
0.074243784
0.60544586
-0.7641947
0.27577424
-0.5479753
-0.5246043
0.39723372

-0.5640826
-0.83282995
0.09400749
0.14843655
0.89963865
-0.04252243
-0.091125965
-0.7965796
-0.47337985
0.033623457
0.37350035
0.5114455
0.03531766
-0.33576322
0.95437765
0.11079049
-0.17659807
-0.38303304
-0.4642322
-0.7399039
0.23273039
-0.42341137
-0.51681614
-0.103708744
new array:
0.42366004
-0.12803793
0.46337652
-0.37152362
-0.33307862
-0.010237932
0.12143469
-0.43244696
0.53208447
0.34554744

0.33700967
0.48916173
-0.673893
0.43562722
0.34807706
0.8811438
0.5262623
0.97040105
-0.7584665
0.00069737434

0.35638165
-0.30508924
0.66111803
0.5951679
0.8258982
-0.004816532
0.16176772
0.7866368
0.56960964
0.1910479

0.66051793
0.99320817
0.67376375
0.872308
0.57912827
0.51381826
0.6530082
-0.42577434
0.51945233
-0.976743

0.37691045
0.47036815
-0.58631897
0.64042044
-0.5158973
0.6069348
-0.85347724
-0.6168554
0.79686165
-0.88792276

-0.76004815
-0.9714782
0.30187607
0.09454489
-0.0036206245
-0.98400307
0.7908912
-0.95125747
-0.035722733
-0.99258137

0.35828114
0.13147569
0.6979382
-0.06744361
-0.2888267
0.3783443
0.6163304
0.22504878
-0.95880437
-0.32424736

-0.5386987
-0.6585512
-0.09843683
0.14859772
0.5238509
-0.017760754
0.2965455
0.67191696
-0.74887085
0.078434944

0.84463954
-0.2720518
0.38310266
-0.7214248
0.13437223
0.36618257
-0.5613351
0.27685
0.27740788
-0.727273

-0.47628045
-0.6112504
-0.42640948
0.2931664
-0.043380976
-0.6946976
0.48118734
0.26137495
-0.07893467
0.93499684
new array:
-0.9413097
0.66619825
0.5243468
0.85084605
0.0060043335
0.897151
0.24317908
-0.3561628
0.08582139
-0.93110156

0.43069577
-0.5505569
-0.35783887
0.9864149
0.7058008
-0.0621686
-0.7616725
0.95292044
0.3042605
-0.13653684

-0.3551097
0.525769
-0.80361056
0.23959398
-0.24830484
0.76160336
-0.86238194
0.833683
-0.6180632
0.20390606

0.8009615
-0.22956157
-0.5445695
0.67722917
-0.40753245
-0.5300069
-0.8271594
0.28532767
-0.013134241
-0.7171068

-0.9364462
0.7959466
-0.52689195
-0.16592026
-0.83184004
0.26049066
0.62386346
-0.8953655
-0.59496284
0.36613345

0.59584856
0.7997737
-0.10197568
0.24154425
0.30337
-0.7575321
0.7285967
-0.50931716
-0.5582783
0.6976478

-0.5859399
-0.19657063
0.44510174
-0.38860536
0.13802028
-0.8961494
0.2628572
0.70398235
0.89195323
0.08866191

0.3016181
-0.447953
-0.43902493
0.7998328
0.75386405
-0.59466076
0.88779664
0.4567566
-0.20936036
0.90553474

0.20557809
0.07243872
0.17639732
0.08365035
0.8140664
-0.8356893
0.25803208
0.38350677
-0.89277005
-0.1709013

-0.45703363
-0.0389266
-0.43159652
0.5630262
0.18185258
0.8399563
0.98981166
-0.9130082
-0.33671045
-0.91933393
new array:
0.4566679
-0.48777986
0.22805619
0.08134866
0.6302235
0.5570483
0.0490067
0.07031417
0.006420374
-0.2587769

0.35937643
0.17572308
-0.5098913
0.28302336
-0.92547774
0.8131776
-0.15005517
-0.60358596
0.6111307
-0.22892928

0.28960633
-0.060893297
0.17900014
-0.57335424
0.09788418
-0.6013427
-0.29035354
0.64581394
-0.9025316
0.97353125

-0.30151892
0.00468421
-0.9195783
0.24103522
-0.6835396
-0.62998605
0.1640284
-0.53790116
-0.5010791
-0.052101374

0.07533264
-0.3655293
-0.43652344
-0.8654494
-0.18234348
0.1691904
0.5050883
-0.44607067
-0.6474042
0.26214457

-0.53404045
0.08466363
-0.8900223
0.4661529
-0.13880897
0.643919
-0.89529085
0.66121244
-0.42485166
0.1476388

-0.63110137
-0.2906351
0.13017106
0.64559364
0.43982124
0.36025167
0.13327837
0.62410164
0.6372392
-0.20133185

-0.4384172
-0.9566989
0.5617759
0.72664547
-0.027337074
-0.11465597
-0.020693779
0.60685396
0.89780164
0.097215176

-0.29193306
-0.6627028
-0.058472633
-0.8491688
-0.7272327
0.71328354
0.46141362
-0.2694199
0.05768299
-0.7842467

-0.07515669
0.12204504
-0.8591037
-0.50740933
0.89798236
-0.9382913
0.3107648
-0.46852112
0.28439927
-0.7709794
new array:
-0.3438561
0.5074923
-0.27214122
0.1311965
-0.16948628
-0.3857503
0.8910394
0.13532567
-0.49112225
0.5500457

0.4946134
0.4989226
-0.28382254
-0.4719677
0.2621944
0.64679885
-0.84395003
0.012215614
-0.94796824
0.7244098

-0.36575913
-0.5115626
0.30592847
-0.16102648
-0.48722363
-0.65378094
-0.5155082
0.046978474
-0.85693765
0.5842085

0.4303
0.16351533
-0.4202919
-0.52038527
0.3850913
-0.20369315
-0.48761272
-0.27502275
-0.84407115
0.1981287

0.62789536
0.3054824
0.33171892
0.74051714
0.5615721
0.9997983
0.34885812
-0.75045323
-0.2606361
0.852201

-0.9359927
0.7712214
0.2960503
0.892725
0.6831386
-0.62758255
0.94231606
0.6614866
-0.74457884
-0.9170284

0.83015203
-0.6605401
-0.7809608
-0.26671338
0.49330282
0.09643316
0.94616604
-0.16351008
0.50160885
0.5473077

-0.34731913
0.61503243
0.905514
0.124758005
-0.59119725
-0.32085943
0.44378018
0.3988173
0.418916
-0.014206409

-0.21941757
0.25350595
0.09743905
-0.43134403
-0.17679954
-0.056549072
0.88941
-0.5213783
-0.27543092
-0.2611208

0.43920803
-0.6354985
-0.35600328
0.43527436
0.8118503
0.5015137
0.4235115
0.30032706
0.02117896
-0.6255939
new array:
0.09338188
0.04826045
0.33036256
-0.36632276
-0.02996111
-0.89645314
0.63999724
0.3156109
0.4902227
0.525311

-0.35919333
-0.77612257
0.96479964
0.58476186
-0.7697346
0.5666177
0.7946439
0.54629445
-0.73259115
0.8951256
new array: