0.068114266
0.18196213
461.6231
22.114386
4

0.18655181
0.8171928
-0.5170789
0.8084636
0.10085106
0.6179564
-0.48224854
-0.99585366
-0.3045528
-0.48185325
0.09108758
0.4994166

-0.7345607
-0.13776779
0.9918797
0.9252739
-0.7373719
-0.5494442
0.9782655
-0.32389522
0.38037443
0.751143
-0.31391478
0.11289215

-0.6339371
0.5518186
-0.54162264
-0.050857782
0.30934167
0.9298556
-0.37335157
0.6906769
-0.92358685
-0.84258556
-0.12632895
-0.97017646

0.6809473
-0.94545746
0.1880722
-0.8866708
0.45393753
0.07734656
-0.4181931
0.7085366
-0.3369856
-0.08674765
0.40981126
0.624629

-0.53320646
0.278368
0.72886825
0.056207895
0.5825083
-0.02137065
0.3141663
-0.66834116
0.96650624
0.8988137
0.58826065
0.8970957

0.2375524
0.09312844
0.26161718
0.55712795
0.2051835
-0.8392794
-0.8457627
-0.7805488
0.7859602
-0.72436976
-0.2528975
-0.9209225

0.4609754
-0.65338326
0.52214646
-0.6912439
0.89962053
-0.34281254
0.96471167
-0.0086762905
-0.7136278
0.8329878
0.7393596
0.23266959

0.72643495
0.46656728
-0.36609554
0.7262566
0.7216568
-0.16593051
0.26936483
-0.09506035
-0.84146094
0.64485145
-0.13053036
0.39982438

-0.44108248
0.35796714
0.75523305
-0.09350157
0.16945052
-0.1728723
-0.72668743
-0.2732799
-0.8180995
-0.39017987
-0.66252613
-0.6608591

-0.49678016
0.8097162
-0.6837013
-0.44608474
-0.767298
0.31538534
0.39091206
0.10951686
-0.29133916
0.5836146
-0.22490525
-0.6925924
new array:
-0.79910326
0.17866373
0.5951364
-0.9136994
0.06741786
0.9292729
-0.45747828
0.34003592
-0.21508288
-0.83910704

-0.58519983
0.5162332
0.6326432
0.72803307
0.015858889
0.5667045
-0.17297173
0.8998246
-0.31338596
-0.87328553

0.20616555
0.9823632
-0.26269317
0.7369554
-0.90610194
0.5106995
0.80296946
-0.5559678
0.4392252
0.697582

0.23990488
-0.80159616
0.33946967
-0.15942144
0.8207035
-0.5555165
0.7066283
-0.65804386
0.5515921
-0.24498653

-0.8562031
-0.8588395
0.24394011
0.72506905
-0.89655495
-0.22510123
-0.65961814
-0.74534535
-0.19321895
-0.6092379

0.41506815
0.6011431
-0.1339159
0.25087285
-0.6732342
-0.8657708
-0.08816552
0.3328011
0.85806847
0.015271664

0.66361284
-0.97996736
-0.41501617
0.473202
-0.8758218
0.12651873
-0.6426742
-0.88894296
0.017724752
0.9511142

0.9245455
-0.6566949
-0.9325907
-0.5469339
-0.39152455
0.371305
-0.3933072
-0.13912201
0.77904534
-0.89078355

-0.6026468
-0.12420392
-0.03660941
-0.04646802
-0.90746546
0.24663925
0.6693666
-0.7141967
0.44240785
-0.30588293

0.41600704
-0.08236241
-0.5224643
0.57489824
0.30234194
-0.33950138
-0.14374661
-0.6216209
-0.054820538
-0.6871438
new array:
0.7332673
0.08889341
-0.48397112
0.8987322
-0.20850325
0.5614736
0.60425925
0.65376997
0.57382894
0.87478185

0.6531391
0.06203103
-0.68982005
-0.11930847
0.8530476
0.4705441
0.060995817
0.61856365
-0.26853013
0.21571779

0.6259475
0.36575794
0.57567
-0.9132583
0.42645216
0.17302752
0.27214146
-0.7144687
-0.24812365
-0.26315522

0.6946671
0.876441
-0.75658894
0.91670775
0.54560566
0.14016724
0.3512957
-0.65558386
-0.9747076
-0.6027608

0.6163409
-0.95186687
-0.6967926
-0.23875427
0.54414296
-0.26613355
-0.6444135
-0.5894952
-0.33489203
0.9074385

0.3772254
-0.8215778
0.6160941
0.7398815
0.93862987
-0.14277315
-0.23340988
-0.5446694
-0.6513176
-0.3115418

0.22425747
0.03629017
-0.9575591
0.38058496
-0.12403107
0.12885523
0.8855357
0.8643067
0.496356
-0.41591597

-0.41681004
-0.015419006
-0.96263456
0.3284552
-0.511137
-0.96955323
0.1584332
-0.42747927
-0.8970959
0.2895267

-0.7715945
-0.72043896
0.16520953
0.8600242
0.82673454
-0.2923913
-0.84690666
0.9348562
-0.4328735
-0.3183775

-0.3543582
-0.26245308
0.8018546
0.2856791
-0.52272034
-0.39564943
0.5593021
-0.41884422
-0.45973468
0.56831384
new array:
-0.7919719
0.9998472
-0.86878514
0.54029727
-0.33552504
-0.46530676
0.7527466
-0.95426893
-0.6907406
0.9375081

-0.846071
-0.5159948
0.355829
-0.6066191
-0.72151804
-0.56167126
-0.07265353
0.05541253
0.46398354
0.456882

-0.7857549
0.2516396
0.88308334
0.17051077
0.45053792
0.553797
-0.34483838
-0.9951596
-0.72373843
-0.20816183

0.43798995
-0.95262885
-0.86449146
0.06578946
-0.9243138
-0.46932054
0.2979524
-0.00031018257
-0.3803649
-0.48254037

-0.69967365
0.12545562
0.8287685
0.61639786
0.82284737
-0.6069646
0.3342955
-0.72479844
0.14705324
0.8913598

0.44752765
-0.45044708
0.21937299
-0.3903761
0.2843411
-0.694839
-0.6262326
-0.31879663
0.44116879
0.1703136

0.4138863
0.92776966
0.5184784
-0.27300286
-0.32663727
0.6295016
-0.8114884
-0.31236935
0.93827534
-0.42759156

0.7557192
0.6552317
0.9477365
-0.7437787
-0.15677524
0.9431639
0.12099433
0.85315037
0.26091003
-0.10416007

0.5617771
0.64905334
0.3384881
0.48672342
0.73308635
0.4246037
-0.36508918
-0.5259609
0.13364315
-0.23809528

0.8961296
0.6030779
0.5522518
-0.817446
-0.5088403
0.5698719
0.22090864
0.80914664
0.8632014
-0.8773861
new array:
0.7061031
-0.6338875
0.18661165
-0.06831288
0.1831212
0.44963002
0.043055296
-0.124626875
0.7242749
0.22669983

-0.5619688
-0.41749573
0.2030468
0.054253817
0.23029828
0.6718738
-0.6101248
-0.33708715
0.30025053
-0.4528737

-0.48189068
-0.2160337
-0.50678325
0.96966314
-0.80141973
0.6515894
0.9780414
-0.6629431
-0.5486758
-0.50444484

0.53557444
-0.033869028
0.28390694
-0.5121865
-0.97153044
-0.42224216
0.59568095
0.20277333
-0.7672086
0.61818624

-0.094617605
-0.5300846
0.7930236
0.24570584
-0.7641537
0.22480655
0.8956933
-0.67222524
-0.7430761
-0.08064914

-0.97518396
0.5488672
0.94647884
0.08463812
-0.2909298
-0.36752486
-0.07822299
-0.93354464
0.92312765
-0.3809688

0.5956044
-0.5722678
-0.04439807
0.34010148
0.12425494
0.8710582
-0.75242996
-0.8317833
-0.12185907
-0.99713135

0.30251455
0.7464793
-0.7005694
0.87406206
0.92198586
-0.2509718
0.252311
0.2997942
0.13917398
-0.29744196

0.5559313
0.54046917
0.8276808
-0.8847463
0.58490276
-0.7037618
-0.06327176
0.30494714
0.12147617
0.34906602

-0.24194598
0.6750624
0.8419137
0.22494888
0.07881498
-0.5576856
0.3260038
-0.97229123
0.24307036
-0.99016404
new array:
-0.75901055
-0.20890594
-0.82941794
-0.6698346
-0.83375144
-0.93283296
-0.6008744
-0.7337065
0.11826348
-0.1916461

-0.76879716
-0.24305463
-0.2777934
0.06192112
-0.08173442
0.6751969
-0.6721809
-0.04117751
0.60686827
-0.96954584
new array: