1/226
index: 113
survival time: 94
speed: 0.39067292
rotation: 0.24969253
vision:
    range: 254.67105,
    angle: 29.487957
    arcs:  3


setup::Entity::new_from_template(0.39067292, 0.24969253, 254.67105, 29.487957, 3
   vec![
arr2(&[[-0.69736433, 0.5180621, 0.7980256, 0.6931393, 0.5084548, 0.325181, 0.23814917, 0.34410095, -0.2105267],
 [-0.955884, 0.6342268, -0.3425839, 0.42419457, 0.36745214, 0.6730921, 0.8027401, 0.8544524, 0.7995918],
 [0.2870667, -0.8331244, -0.9538431, -0.87773585, 0.7708535, 0.10868549, 0.7215915, -0.7072487, 0.44276953],
 [-0.42450452, -0.4819696, 0.9686396, 0.90555334, 0.6906233, -0.7770302, 0.46535778, 0.9132819, -0.26762938],
 [0.8354478, 0.21412086, 0.55896497, 0.84677744, -0.83210063, -0.59743047, 0.8384409, -0.52590656, -0.31054115],
 [0.5215311, 0.268579, 0.095133305, 0.23119736, 0.5006685, -0.32529378, 0.6502044, 0.11797857, 0.82353973],
 [-0.8991275, 0.119613886, 0.16287303, 0.16711879, -0.49299335, -0.7244911, -0.94751406, -0.8783107, -0.65250444],
 [-0.8205416, -0.18925452, -0.81739354, 0.7015374, 0.2135024, 0.71476793, 0.38430214, -0.6586158, 0.6428542],
 [0.79598, -0.19266629, -0.1962831, 0.64936805, 0.5736065, 0.6998694, 0.8516154, -0.21861339, 0.2535751],
 [0.55706525, 0.3250172, -0.64916515, 0.7388234, 0.17608905, 0.6141274, 0.8579562, -0.50426793, -0.7598028]]),
arr2(&[[-0.43628168, -0.808512, -0.27720976, 0.8286638, 0.27804422, 0.51890373, 0.8938873, 0.010673761, 0.16462445, -0.6247766],
 [-0.4665978, 0.2680881, 0.8511324, 0.3062291, 0.36538243, -0.26027822, -0.22050786, 0.43656158, -0.1730175, 0.55958605],
 [-0.1981492, -0.9868057, 0.37227392, -0.12251687, 0.14024949, -0.8869164, 0.26034808, 0.37459898, 0.9465203, -0.21538734],
 [-0.9988971, -0.36665988, 0.7678144, 0.21413827, -0.66406655, -0.63453555, -0.67243433, -0.12180042, -0.5294392, -0.5850234],
 [0.4790485, -0.844681, -0.7164993, -0.06178689, -0.46022105, 0.19432306, 0.024286032, 0.6964123, -0.88367414, -0.5574045],
 [0.05035019, -0.22296357, 0.9034016, -0.7203176, -0.8182874, -0.13272524, -0.51782036, -0.22019076, 0.3310671, 0.73103046],
 [0.8914199, 0.21016121, -0.84307575, -0.025905848, 0.74481297, -0.036767006, 0.25874996, -0.32492328, 0.25317478, -0.5562041],
 [0.10486555, -0.19524813, 0.19950151, -0.44470096, -0.7517295, 0.8672488, -0.12062955, 0.64883137, 0.29995418, 0.980613],
 [-0.5129943, 0.6423271, -0.17247868, 0.9113865, -0.4263847, 0.44724894, -0.07818365, -0.886883, -0.70687747, -0.0066759586],
 [-0.6894336, -0.29495978, -0.82685256, -0.46350503, 0.12803316, -0.122071505, 0.41911125, -0.82268596, 0.50842595, -0.4513247]]),
arr2(&[[0.76538897, 0.1270926, 0.6775491, -0.41041946, 0.13203073, 0.68369937, -0.3120153, 0.83932996, 0.11601663, -0.009552002],
 [0.37289238, 0.5720067, -0.44898725, -0.061822176, -0.61856294, 0.9149568, -0.82467246, 0.78323936, 0.7231982, -0.82918715],
 [0.78630805, -0.6572983, 0.25741506, 0.30257988, -0.24330401, 0.5761399, 0.90630364, 0.923959, -0.9539223, -0.6485045],
 [-0.20496964, -0.1090951, -0.9931536, -0.7078097, 0.16193175, -0.7117233, -0.41957712, -0.5576198, -0.46137404, 0.07925081],
 [0.9026637, -0.7119572, -0.31446552, -0.62913775, -0.78686523, 0.5853901, -0.50389695, 0.3283987, 0.71047926, 0.062408924],
 [-0.7530787, 0.34302855, -0.87341475, -0.11978173, 0.6737454, -0.37083173, 0.10608983, -0.62294173, 0.9258702, 0.7466302]]),
],
   &mut ctx, &mut game
);