1/226
index: 113
survival time: 94
speed: 0.39067292
rotation: 0.24969253
vision:
    range: 254.67105,
    angle: 29.487957
    arcs:  3


setup::Entity::new_from_template(0.39067292, 0.24969253, 254.67105, 29.487957, 3
   vec![
arr2(&[[-0.69736433, 0.5180621, 0.7980256, 0.6931393, 0.5084548, 0.325181, 0.23814917, 0.34410095, -0.2105267],
 [-0.955884, 0.6342268, -0.3425839, 0.42419457, 0.36745214, 0.6730921, 0.8027401, 0.8544524, 0.7995918],
 [0.2870667, -0.8331244, -0.9538431, -0.87773585, 0.7708535, 0.10868549, 0.7215915, -0.7072487, 0.44276953],
 [-0.42450452, -0.4819696, 0.9686396, 0.90555334, 0.6906233, -0.7770302, 0.46535778, 0.9132819, -0.26762938],
 [0.8354478, 0.21412086, 0.55896497, 0.84677744, -0.83210063, -0.59743047, 0.8384409, -0.52590656, -0.31054115],
 [0.5215311, 0.268579, 0.095133305, 0.23119736, 0.5006685, -0.32529378, 0.6502044, 0.11797857, 0.82353973],
 [-0.8991275, 0.119613886, 0.16287303, 0.16711879, -0.49299335, -0.7244911, -0.94751406, -0.8783107, -0.65250444],
 [-0.8205416, -0.18925452, -0.81739354, 0.7015374, 0.2135024, 0.71476793, 0.38430214, -0.6586158, 0.6428542],
 [0.79598, -0.19266629, -0.1962831, 0.64936805, 0.5736065, 0.6998694, 0.8516154, -0.21861339, 0.2535751],
 [0.55706525, 0.3250172, -0.64916515, 0.7388234, 0.17608905, 0.6141274, 0.8579562, -0.50426793, -0.7598028]]),
arr2(&[[-0.43628168, -0.808512, -0.27720976, 0.8286638, 0.27804422, 0.51890373, 0.8938873, 0.010673761, 0.16462445, -0.6247766],
 [-0.4665978, 0.2680881, 0.8511324, 0.3062291, 0.36538243, -0.26027822, -0.22050786, 0.43656158, -0.1730175, 0.55958605],
 [-0.1981492, -0.9868057, 0.37227392, -0.12251687, 0.14024949, -0.8869164, 0.26034808, 0.37459898, 0.9465203, -0.21538734],
 [-0.9988971, -0.36665988, 0.7678144, 0.21413827, -0.66406655, -0.63453555, -0.67243433, -0.12180042, -0.5294392, -0.5850234],
 [0.4790485, -0.844681, -0.7164993, -0.06178689, -0.46022105, 0.19432306, 0.024286032, 0.6964123, -0.88367414, -0.5574045],
 [0.05035019, -0.22296357, 0.9034016, -0.7203176, -0.8182874, -0.13272524, -0.51782036, -0.22019076, 0.3310671, 0.73103046],
 [0.8914199, 0.21016121, -0.84307575, -0.025905848, 0.74481297, -0.036767006, 0.25874996, -0.32492328, 0.25317478, -0.5562041],
 [0.10486555, -0.19524813, 0.19950151, -0.44470096, -0.7517295, 0.8672488, -0.12062955, 0.64883137, 0.29995418, 0.980613],
 [-0.5129943, 0.6423271, -0.17247868, 0.9113865, -0.4263847, 0.44724894, -0.07818365, -0.886883, -0.70687747, -0.0066759586],
 [-0.6894336, -0.29495978, -0.82685256, -0.46350503, 0.12803316, -0.122071505, 0.41911125, -0.82268596, 0.50842595, -0.4513247]]),
arr2(&[[0.76538897, 0.1270926, 0.6775491, -0.41041946, 0.13203073, 0.68369937, -0.3120153, 0.83932996, 0.11601663, -0.009552002],
 [0.37289238, 0.5720067, -0.44898725, -0.061822176, -0.61856294, 0.9149568, -0.82467246, 0.78323936, 0.7231982, -0.82918715],
 [0.78630805, -0.6572983, 0.25741506, 0.30257988, -0.24330401, 0.5761399, 0.90630364, 0.923959, -0.9539223, -0.6485045],
 [-0.20496964, -0.1090951, -0.9931536, -0.7078097, 0.16193175, -0.7117233, -0.41957712, -0.5576198, -0.46137404, 0.07925081],
 [0.9026637, -0.7119572, -0.31446552, -0.62913775, -0.78686523, 0.5853901, -0.50389695, 0.3283987, 0.71047926, 0.062408924],
 [-0.7530787, 0.34302855, -0.87341475, -0.11978173, 0.6737454, -0.37083173, 0.10608983, -0.62294173, 0.9258702, 0.7466302]]),
],
   &mut ctx, &mut game
);












10 hidden nodes: 
[[[-0.42613038, -0.7411587, 0.7462965, 0.24979457, 0.09571117, 0.52756476, -0.9117203, 0.9267543, 0.34592873, 0.652728, -0.8059818, -0.12452574, -0.31040424, 0.7296564, -1.0984943],
 [0.59994113, -0.75319475, -1.0292305, -0.24633642, 0.163196, -0.6783537, 0.637893, -0.76138204, -1.0299095, -0.5956148, 0.24715495, 0.15608086, -1.037695, -0.3604952, 0.4091059],
 [0.70716965, 0.4351498, -0.49560553, -0.19614287, -0.42508608, 0.6122618, -0.49504265, -0.9091305, 0.0030903965, 0.4223985, -0.035685167, 0.63714087, -0.8410566, 0.09742298, 0.3194572],
 [0.2190312, 0.4165197, -0.85268235, -0.9432285, -0.3379539, -0.7447947, -0.82487905, 0.3617673, -0.50137126, 0.4462284, 0.122976735, 1.1294386, -0.49414754, 1.1201797, -0.17192778],
 [-0.50014603, 0.4564883, 0.7735436, 0.09812474, 0.10523872, -0.4257339, 0.45901418, 0.9145926, -0.24244042, -0.773998, -0.07679419, 0.80758035, 0.79297245, 0.8425244, 0.8004977],
 [0.1051804, -0.8771957, -0.65682006, 0.73721564, -0.59626114, -0.17752938, -0.2825018, 0.3278224, -0.477152, 0.35886374, 0.099558115, 0.20545663, -0.20603214, -0.6566041, -0.63955903],
 [0.29204655, 0.5024818, 0.91998017, -0.8235884, -0.60719144, -0.29959846, 0.68195015, 0.2955271, 0.19480887, 0.13881063, -0.46942735, -0.8070081, -1.0233576, -0.04338312, -0.9756777],
 [1.0776103, 0.15125602, 0.6750473, 0.6414245, -0.8478695, -0.26563883, -0.41852832, 0.86065245, 0.9096238, -0.07934074, 0.44367015, -0.57181144, -0.3115732, -0.06419487, -0.7035962],
 [0.46040195, -0.1295049, 0.42106232, -0.10386443, 0.7121178, 0.6476513, 0.6714756, 0.015294984, 0.93647766, -0.47210234, -0.3468175, 0.15448284, -0.7339233, -0.35252512, 0.24764399],
 [0.86794317, -0.6668972, -0.68217033, 0.34754914, -0.4032241, -0.86958694, -1.1220305, -0.7133144, 0.29727918, -0.2068095, -0.04974331, -0.3643915, 0.19387618, 0.39879817, 0.26510525]], shape=[10, 15], strides=[15, 1], layout=Cc (0x5), const ndim=2, [[-0.13929076, -0.037231073, -0.11438951, 0.5462378, 0.4203356, -0.6550421, 0.37814963, -0.35060644, 0.1656487, 0.3908449],
 [0.15014763, -0.38728398, 0.62790406, 0.86109746, -0.04302168, -0.46012712, -0.1791433, 0.010063127, 0.89519596, -0.26731694]], shape=[2, 10], strides=[10, 1], layout=Cc (0x5), const ndim=2]






3, 3 hidden nodes: 
[[0.31927255, -0.2564301, 0.20644853, -0.029258847, -0.47937113, -0.010335982],
 [-0.9465769, -1.1615093, -0.91433144, -0.28909588, 0.04989122, 0.11195069],
 [1.096895, -0.035122067, 0.21067047, 1.0354621, 0.02719903, -0.22266002]]
[[0.47233468, -0.087323725, 0.90560436],
 [0.7928202, 0.64259076, 0.13341646],
 [0.13342391, -0.5054898, 0.99374855]]
[[0.7020321, -0.04141867, -0.9164598],
 [0.22886805, -0.16145858, -0.48136032]]


[[0.31303853, -0.56117547, 0.35477203, 0.6109639, 0.71549493, -0.5996823],
 [0.30895805, -0.79159904, 0.028090522, -0.7048703, 0.5140494, 1.0589648],
 [0.0051209927, 0.4383455, 0.7291077, 0.10893045, -0.8445841, -0.28586966]]
[[-1.0458393, 0.5288213, 0.42190823],
 [-0.64751315, -0.31405407, 0.6068896],
 [0.47287893, 0.23894787, 0.40358043]]
[[-0.09203835, 0.44720185, -0.75226104],
 [0.35875645, 0.13202253, 0.16923924]]












10, 10, 6


1/18
index: 8
survival time: 27
speed: 0.45428994
rotation: 0.27261975
vision:
    range: 299.78122,
    angle: 34.2336
    arcs:  4

[[-0.37497473, 0.807945, -0.8201244, 0.23775983, -0.052529335, -0.35813165, 0.8876176, 0.18368244, 0.38791084, 0.50377226, -0.9919934, -0.5592873],
 [0.18658805, -0.14467072, -0.7234533, -0.67944956, 0.45215607, -0.7251749, -0.32238388, 0.7493248, 0.7944405, -0.85236, -0.9515815, 0.3395517],
 [0.21979165, -0.53415203, -0.5845599, -0.35262275, -0.71850514, -0.14822674, -0.062693596, -0.2977836, 0.05645442, -0.7504113, -0.5294063, 0.109148026],
 [0.30476332, -0.0987227, 0.8420589, 0.75643134, 0.98120904, 0.8793719, -0.00034880638, 0.5417912, -0.92221093, 0.096375704, -0.96352553, -0.3148861],
 [0.63188696, -0.6833284, -0.46030736, 0.84476304, -0.22061992, -0.86625004, -0.97782016, -0.9636543, 0.80558133, 0.977319, 0.24555731, -0.18717456],
 [-0.24131131, -0.9188111, -0.30120587, -0.03300929, -0.28238916, -0.5815761, -0.593503, -0.8169806, 0.26763463, -0.8508618, 0.22962666, 0.23381257],
 [0.97140646, 0.06735587, -0.115383625, 0.16688728, 0.96148586, 0.111236334, -0.7314694, -0.47031403, 0.27255058, -0.47994924, -0.5146806, 0.41595364],
 [-0.06748223, 0.827451, 0.008784533, -0.36091447, -0.76876783, 0.42015004, -0.14828706, -0.8760798, 0.13531113, 0.9761636, -0.7920468, 0.056216955],
 [0.6748283, 0.16165662, 0.75490165, 0.108644724, 0.73878646, -0.69464755, 0.78064656, -0.004190922, 0.6861317, -0.23400354, -0.8764546, -0.29861832],
 [0.6219461, -0.9129064, -0.41749096, -0.061865807, -0.10636234, 0.44292307, 0.78716373, -0.2623613, 0.29848886, -0.8906629, -0.73783684, 0.49555445]]
[[0.77246165, -0.08248401, 0.96975565, 0.26359034, 0.09156418, -0.34733772, 0.8354392, -0.685256, 0.45031142, 0.270411],
 [-0.5974319, 0.8885958, 0.31844163, 0.7255719, 0.8610821, 0.7427845, -0.16466784, 0.4575143, -0.24778557, 0.30459452],
 [-0.7580898, 0.54272556, 0.7875111, 0.60687184, -0.23036933, 0.5445707, -0.68639374, -0.1992979, -0.9653969, 0.25646353],
 [-0.6851294, 0.35941458, 0.9781847, -0.2618277, -0.079585314, 0.8413663, 0.54607844, 0.16634178, 0.84853935, -0.48457122],
 [0.0070250034, 0.01798129, 0.8523207, 0.90377927, 0.9492924, 0.3995962, 0.4194274, 0.10958958, -0.2957554, -0.74414206],
 [-0.072458744, 0.21249604, -0.45579743, 0.49267197, 0.5838554, -0.25702715, 0.70985675, 0.02218151, 0.9321964, 0.69076633],
 [0.32418394, -0.11041832, -0.62582135, 0.32457662, -0.31723905, -0.8434818, 0.24984312, 0.6300225, -0.33320045, -0.4472015],
 [-0.3242805, 0.20080066, 0.04476261, 0.03405881, -0.02341199, -0.67869043, -0.5375047, -0.5707638, 0.15939951, -0.42663336],
 [-0.4249251, -0.93400073, -0.5259254, -0.76362705, -0.3624859, -0.59306455, 0.2890842, -0.24785638, 0.66016555, -0.99081206],
 [0.6533942, -0.4378512, -0.75722504, 0.78647494, -0.5289922, -0.76863813, -0.05135441, 0.498281, -0.7165408, 0.56609654]]
[[0.7755034, -0.0406363, -0.4081323, 0.40871596, 0.30825806, 0.34381223, -0.92118883, 0.41422534, -0.24364662, -0.087254286],
 [-0.24461794, -0.014006376, -0.33809686, 0.47737527, 0.12724113, 0.64161325, -0.05399084, 0.005534649, -0.4219699, 0.9542079],
 [0.34986877, -0.70936394, -0.91718745, -0.30784702, -0.59371114, -0.16105652, 0.16114378, 0.59969115, 0.2854092, 0.97183156],
 [0.45942307, -0.3910699, -0.45112586, 0.35638547, -0.40263915, 0.7521286, -0.96549606, 0.8756552, 0.022729635, 0.17230749],
 [-0.79210854, -0.93127775, 0.035109997, -0.1380341, 0.055881977, 0.28142333, 0.35654283, 0.6590693, 0.55476785, -0.19927382],
 [0.23735404, 0.9478388, -0.85709, -0.9669063, 0.9983847, -0.8312881, 0.16427684, 0.1856606, 0.8389642, 0.008716583]]
[[0.24916863, -0.5880146, -0.85266685, -0.8824017, -0.49658036, -0.69059706],
 [-0.02359581, -0.01245141, -0.354146, -0.8048723, -0.09062481, -0.7587831]]